5.707530000000000000e+05
5.711880000000000000e+05
5.630370000000000000e+05
5.583520000000000000e+05
5.565280000000000000e+05
5.547900000000000000e+05
5.536470000000000000e+05
5.526560000000000000e+05
5.514790000000000000e+05
5.503410000000000000e+05
5.490040000000000000e+05
5.460100000000000000e+05
5.431030000000000000e+05
5.398840000000000000e+05
5.379050000000000000e+05
5.363040000000000000e+05
5.340420000000000000e+05
5.316150000000000000e+05
5.285580000000000000e+05
5.241060000000000000e+05
5.193560000000000000e+05
5.142710000000000000e+05
5.064180000000000000e+05
4.979670000000000000e+05
4.902440000000000000e+05
4.833150000000000000e+05
4.769000000000000000e+05
4.631830000000000000e+05
4.524180000000000000e+05
4.389470000000000000e+05
4.294100000000000000e+05
4.266070000000000000e+05
4.251390000000000000e+05
4.228200000000000000e+05
4.197310000000000000e+05
4.157970000000000000e+05
4.137460000000000000e+05
4.125150000000000000e+05
4.106790000000000000e+05
4.097930000000000000e+05
4.092920000000000000e+05
4.088890000000000000e+05
4.085250000000000000e+05
4.073650000000000000e+05
4.047990000000000000e+05
4.009630000000000000e+05
3.994320000000000000e+05
3.987710000000000000e+05
3.982640000000000000e+05
3.979240000000000000e+05
3.979770000000000000e+05
3.980030000000000000e+05
3.976960000000000000e+05
3.979360000000000000e+05
3.980760000000000000e+05
3.985020000000000000e+05
3.988790000000000000e+05
3.991670000000000000e+05
3.992660000000000000e+05
3.981090000000000000e+05
3.966670000000000000e+05
3.959770000000000000e+05
3.956880000000000000e+05
3.944800000000000000e+05
3.942990000000000000e+05
3.940750000000000000e+05
3.940090000000000000e+05
3.938960000000000000e+05
3.939320000000000000e+05
3.938390000000000000e+05
3.938120000000000000e+05
3.931290000000000000e+05
3.919460000000000000e+05
3.918140000000000000e+05
3.916480000000000000e+05
3.913790000000000000e+05
3.909900000000000000e+05
3.905760000000000000e+05
3.901210000000000000e+05
3.896480000000000000e+05
3.891410000000000000e+05
3.884570000000000000e+05
3.878840000000000000e+05
3.872740000000000000e+05
3.866280000000000000e+05
3.859520000000000000e+05
3.852410000000000000e+05
3.843290000000000000e+05
3.799270000000000000e+05
3.759270000000000000e+05
3.730750000000000000e+05
3.717270000000000000e+05
3.712920000000000000e+05
3.705800000000000000e+05
3.698240000000000000e+05
3.670920000000000000e+05
3.658800000000000000e+05
3.627390000000000000e+05
3.588830000000000000e+05
3.572320000000000000e+05
3.551390000000000000e+05
3.535140000000000000e+05
3.502240000000000000e+05
3.461530000000000000e+05
3.445500000000000000e+05
3.421510000000000000e+05
3.397910000000000000e+05
3.376600000000000000e+05
3.345110000000000000e+05
3.320890000000000000e+05
3.291280000000000000e+05
3.269520000000000000e+05
3.256500000000000000e+05
3.246520000000000000e+05
3.232350000000000000e+05
3.180760000000000000e+05
2.901460000000000000e+05
2.807990000000000000e+05
2.749840000000000000e+05
2.708260000000000000e+05
2.676630000000000000e+05
2.631180000000000000e+05
2.590580000000000000e+05
2.540430000000000000e+05
2.500800000000000000e+05
2.476770000000000000e+05
2.439970000000000000e+05
2.412820000000000000e+05
2.396510000000000000e+05
2.369480000000000000e+05
2.341190000000000000e+05
2.311550000000000000e+05
2.291110000000000000e+05
2.259080000000000000e+05
2.224900000000000000e+05
2.198840000000000000e+05
2.172310000000000000e+05
2.122480000000000000e+05
2.086840000000000000e+05
2.032220000000000000e+05
1.960830000000000000e+05
1.899130000000000000e+05
1.844890000000000000e+05
1.805440000000000000e+05
1.731180000000000000e+05
1.693230000000000000e+05
1.626270000000000000e+05
1.568050000000000000e+05
1.508550000000000000e+05
1.462740000000000000e+05
1.396270000000000000e+05
1.351780000000000000e+05
1.295040000000000000e+05
1.237530000000000000e+05
1.169050000000000000e+05
1.113400000000000000e+05
1.044700000000000000e+05
9.749800000000000000e+04
9.104500000000000000e+04
8.730900000000000000e+04
8.698100000000000000e+04
8.664500000000000000e+04
8.630100000000000000e+04
8.594900000000000000e+04
8.558900000000000000e+04
8.522100000000000000e+04
8.484500000000000000e+04
8.446100000000000000e+04
8.406900000000000000e+04
8.366900000000000000e+04
8.326100000000000000e+04
8.284500000000000000e+04
8.242100000000000000e+04
8.198900000000000000e+04
8.154900000000000000e+04
8.110100000000000000e+04
8.064500000000000000e+04
8.018100000000000000e+04
7.970900000000000000e+04
7.922900000000000000e+04
7.874100000000000000e+04
7.824500000000000000e+04
7.774100000000000000e+04
7.722900000000000000e+04
7.670900000000000000e+04
7.618100000000000000e+04
7.564500000000000000e+04
7.510100000000000000e+04
7.454900000000000000e+04
7.398900000000000000e+04
7.342100000000000000e+04
7.284500000000000000e+04
7.226600000000000000e+04
7.169000000000000000e+04
7.109000000000000000e+04
6.976900000000000000e+04
6.916300000000000000e+04
6.854900000000000000e+04
6.792700000000000000e+04
6.724500000000000000e+04
6.659900000000000000e+04
