2.000000000000000000e+00
6.000000000000000000e+00
1.000000000000000000e+01
1.400000000000000000e+01
1.800000000000000000e+01
2.200000000000000000e+01
2.600000000000000000e+01
3.000000000000000000e+01
3.400000000000000000e+01
3.800000000000000000e+01
4.200000000000000000e+01
4.600000000000000000e+01
5.000000000000000000e+01
5.400000000000000000e+01
5.800000000000000000e+01
6.200000000000000000e+01
6.600000000000000000e+01
7.000000000000000000e+01
7.400000000000000000e+01
7.800000000000000000e+01
8.200000000000000000e+01
8.600000000000000000e+01
9.000000000000000000e+01
9.400000000000000000e+01
9.800000000000000000e+01
1.020000000000000000e+02
1.060000000000000000e+02
1.100000000000000000e+02
1.140000000000000000e+02
1.180000000000000000e+02
1.220000000000000000e+02
1.260000000000000000e+02
1.300000000000000000e+02
1.340000000000000000e+02
1.380000000000000000e+02
1.420000000000000000e+02
1.460000000000000000e+02
1.500000000000000000e+02
1.540000000000000000e+02
1.580000000000000000e+02
1.620000000000000000e+02
1.660000000000000000e+02
1.700000000000000000e+02
1.740000000000000000e+02
1.780000000000000000e+02
1.820000000000000000e+02
1.860000000000000000e+02
1.900000000000000000e+02
1.940000000000000000e+02
1.980000000000000000e+02
2.020000000000000000e+02
2.060000000000000000e+02
2.100000000000000000e+02
2.140000000000000000e+02
2.180000000000000000e+02
2.220000000000000000e+02
2.260000000000000000e+02
2.300000000000000000e+02
2.340000000000000000e+02
2.380000000000000000e+02
2.420000000000000000e+02
2.460000000000000000e+02
2.500000000000000000e+02
2.540000000000000000e+02
2.580000000000000000e+02
2.620000000000000000e+02
2.660000000000000000e+02
2.700000000000000000e+02
2.740000000000000000e+02
2.780000000000000000e+02
2.820000000000000000e+02
2.860000000000000000e+02
2.900000000000000000e+02
2.940000000000000000e+02
2.980000000000000000e+02
3.020000000000000000e+02
3.060000000000000000e+02
3.100000000000000000e+02
3.140000000000000000e+02
3.180000000000000000e+02
3.220000000000000000e+02
3.260000000000000000e+02
3.300000000000000000e+02
3.340000000000000000e+02
3.380000000000000000e+02
3.420000000000000000e+02
3.460000000000000000e+02
3.500000000000000000e+02
3.540000000000000000e+02
3.580000000000000000e+02
3.620000000000000000e+02
3.660000000000000000e+02
3.700000000000000000e+02
3.740000000000000000e+02
3.780000000000000000e+02
3.820000000000000000e+02
3.860000000000000000e+02
3.900000000000000000e+02
3.940000000000000000e+02
3.980000000000000000e+02
4.020000000000000000e+02
4.060000000000000000e+02
4.100000000000000000e+02
4.140000000000000000e+02
4.180000000000000000e+02
4.220000000000000000e+02
4.260000000000000000e+02
4.300000000000000000e+02
4.340000000000000000e+02
4.380000000000000000e+02
4.420000000000000000e+02
4.460000000000000000e+02
4.500000000000000000e+02
4.540000000000000000e+02
4.580000000000000000e+02
4.620000000000000000e+02
4.660000000000000000e+02
4.700000000000000000e+02
4.740000000000000000e+02
4.780000000000000000e+02
4.820000000000000000e+02
4.860000000000000000e+02
4.900000000000000000e+02
4.940000000000000000e+02
4.980000000000000000e+02
5.020000000000000000e+02
5.060000000000000000e+02
5.100000000000000000e+02
5.140000000000000000e+02
5.180000000000000000e+02
5.220000000000000000e+02
5.260000000000000000e+02
5.300000000000000000e+02
5.340000000000000000e+02
5.380000000000000000e+02
5.420000000000000000e+02
5.460000000000000000e+02
5.500000000000000000e+02
5.540000000000000000e+02
5.580000000000000000e+02
5.620000000000000000e+02
5.660000000000000000e+02
5.700000000000000000e+02
5.740000000000000000e+02
5.780000000000000000e+02
5.820000000000000000e+02
5.860000000000000000e+02
5.900000000000000000e+02
5.940000000000000000e+02
5.980000000000000000e+02
6.020000000000000000e+02
6.060000000000000000e+02
6.100000000000000000e+02
6.140000000000000000e+02
6.180000000000000000e+02
6.220000000000000000e+02
6.260000000000000000e+02
6.300000000000000000e+02
6.340000000000000000e+02
6.380000000000000000e+02
6.420000000000000000e+02
6.460000000000000000e+02
6.500000000000000000e+02
6.540000000000000000e+02
6.580000000000000000e+02
6.620000000000000000e+02
6.660000000000000000e+02
6.700000000000000000e+02
6.740000000000000000e+02
6.780000000000000000e+02
6.820000000000000000e+02
6.860000000000000000e+02
6.900000000000000000e+02
6.940000000000000000e+02
6.980000000000000000e+02
7.020000000000000000e+02
7.060000000000000000e+02
7.100000000000000000e+02
7.140000000000000000e+02
7.180000000000000000e+02
7.220000000000000000e+02
7.260000000000000000e+02
7.300000000000000000e+02
7.340000000000000000e+02
7.380000000000000000e+02
7.420000000000000000e+02
7.460000000000000000e+02
7.500000000000000000e+02
7.540000000000000000e+02
7.580000000000000000e+02
7.620000000000000000e+02
7.660000000000000000e+02
7.700000000000000000e+02
7.740000000000000000e+02
7.780000000000000000e+02
7.820000000000000000e+02
7.860000000000000000e+02
7.900000000000000000e+02
7.940000000000000000e+02
7.980000000000000000e+02
8.020000000000000000e+02
